课程论文需求说明：

空气质量数据格式：

站号,经度,纬度,PM25,PM10,NO2,SO2,O3-1,O3-8h,CO,AQI,等级,年，月，日，小时，城市。  ","分割。
99000,115.49,38.88,43,68,21,20,104,104,0.6,60,2,2018,8,1,0,北京
99001,115.51,38.88,38,58,26,20,120,120,0.6,54,2,2018,8,1,0,北京
99002,115.47,38.91,50,72,22,17,113,113,0.7,69,2,2018,8,1,0,北京
99004,115.45,38.88,52,108,46,21,66,66,0.7,79,2,2018,8,1,0,北京
99006,116.36,39.87,55,80,27,2,60,60,1.3,75,2,2018,8,1,0,北京
99007,116.23,40.3,42,56,11,2,105,105,0.7,59,2,2018,8,1,0,北京
99008,116.39,39.93,57,88,26,3,99,99,0.9,78,2,2018,8,1,0,北京
99009,116.41,39.88,57,63,52,3,41,41,0.9,78,2,2018,8,1,0,北京
99010,116.46,39.94,51,80,45,2,113,113,1.1,70,2,2018,8,1,0,北京
99011,116.36,39.93,52,96,33,3,77,77,1.0,73,2,2018,8,1,0,北京
99012,116.3,39.97,52,95,59,3,46,46,1.1,73,2,2018,8,1,0,北京
99013,116.65,40.18,41,88,38,2,46,46,1.1,69,2,2018,8,1,0,北京
99014,116.64,40.3,40,69,11,3,112,112,0.9,60,2,2018,8,1,0,北京
99015,116.22,40.22,41,55,16,3,100,100,0.7,58,2,2018,8,1,0,北京
99016,116.4,39.99,52,81,22,3,111,111,0.8,72,2,2018,8,1,0,北京
99017,116.19,39.9,50,69,59,2,45,45,0.7,69,2,2018,8,1,0,北京
99223,116.69,39.52,76,97,41,7,72,72,1.2,102,3,2018,8,1,0,北京
99222,116.8,39.58,39,102,45,4,26,26,1.7,76,2,2018,8,1,0,北京
98090,116.7,39.51,71,98,59,8,78,78,1.2,95,2,2018,8,1,0,北京
95107,117.14,39.16,53,93,75,49,36,18,2.1,73,2,2018,8,1,0,北京
95116,117.17,39.07,32,77,37,3,51,51,0.8,64,2,2018,8,1,0,北京
95121,117.19,39.22,66,108,69,2,60,60,0.9,89,2,2018,8,1,0,北京
99000,115.49,38.88,48,76,17,29,107,106,0.7,67,2,2018,8,1,1,北京
............................
............................

数据近40万行，时间从2018.8.1 零点 至 2019.6.10 23点，城市有
北京，上海， 天津，青岛，济南，厦门，郑州，乌鲁木齐，成都，呼和浩特，海口和昆明；其中每个城市有很多站号（采集点），
一个站号，每个小时的采集数据占一行。

要求：
1. 这个时间范围内，哪个城市的PM25统计指标最低，哪个最高；统计指标(模型)自己决定，需要说明指标确定理由。
2. 统计2019年2月份（春节期间）北京、上海、成都空气情况分布（空气质量：优、良、轻度污染、中度污染、重度污染天数分布），空气质量标准参照国家颁布的标准。
3. 自己提分析需求并实现（选做）。
